87.86449229485174
555.6523367546689
1347.9031636407408
1542.5755455201866
1595.8194666475492
1245.6481627134522
1535.2713156085733
-2.4829591942639127
1105.197154783164
1603.0411672846953
1175.096954802059
1218.7566707860487
96.73080546907283
443.23506081922017
724.5159752946696
778.0170295888073
1290.7105936736893
1309.039889550323
1523.0715171757001
1581.3501048647486
196.55220362064574
1523.0715171757001
961.4897371497585
997.5679878292764
1035.987194352716
1370.965784836861
1436.6207081947136
1473.9138918559956
1552.2970391802723
1381.1577375743004
1476.386449086417
1365.856594961656
1441.6161646794894
1024.2378741518482
1062.1952073155244
1523.0715171757001
1332.423564834256
1434.1202113022473
1044.757977387574
1542.5755455201866
-34.84074670925145
65.5659446670287
1015.384190770366
1194.2967641909418
1303.8158804385089
1355.6112326382322
1486.260535174431
1530.395377967457
724.5159752946696
774.7118488127961
943.2216893628519
988.604718263609
1056.3981249150515
1370.965784836861
1451.5853173404416
1473.9138918559956
1557.1505447743066
833.4403215754754
1033.0557788113288
1256.3233925912432
1441.6161646794894
830.21948685425
1202.4778450466738
1253.658853783994
1386.2407226605524
1431.617850124394
1383.700301150131
1439.1193546907944
797.7420748224048
1088.0958368984848
1266.9534604456144
1301.200023890437
1505.9341106610595
1578.9350172781656
1147.392134907745
1314.2537192763702
1272.2518363940399
1324.6512850192025
1446.604330690729
1501.0247635955552
1549.868496907755
1044.757977387574
1478.8573781444707
1520.627520201088
566.5927805328619
659.2183113977025
714.3353391493146
1324.6512850192025
1434.1202113022473
1586.177201090953
96.73080546907283
284.3510491868584
1090.9551501655865
1355.6112326382322
899.9820009776594
1056.3981249150515
423.9508821195419
896.8598167303152
1053.4938567075
1337.592962335465
1473.9138918559956
1056.3981249150515
1096.6628226892008
1403.9648620781318
1161.2859041236838
1600.6348582019587
74.50819282469547
1158.5138233195057
1358.1759807632175
967.5448016020836
1096.6628226892008
1067.9771102898321
1414.0479552124843
791.187165136431
973.582908836101
1108.0347405861007
1141.811077138821
1175.096954802059
1210.631022244033
1525.514149868965
1581.3501048647486
1311.6480698920668
1376.0661286704058
1540.142073904322
1603.0411672846953
1105.197154783164
1210.631022244033
1444.1111520498002
1603.0411672846953
412.3031141427066
707.5215888557581
758.10936914805
804.2770272658319
967.5448016020836
1018.3394171260842
1038.9146900365517
1147.392134907745
1327.24448795132
1496.1094594006217
1540.142073904322
768.0862137708385
1155.7384198848235
1309.039889550323
1491.1880869642496
1102.3559824587023
1250.9914784612797
878.0304913475644
1073.7439449499834
1600.6348582019587
1431.617850124394
1481.3266929191564
946.2771590162941
1088.0958368984848
1277.5392551726368
1113.6992081834055
1557.1505447743066
1207.9163737697309
1401.4390461335452
843.0738621054091
1038.9146900365517
1169.5823496432072
1205.1986526669448
1250.9914784612797
1434.1202113022473
836.6563197650765
1202.4778450466738
1253.658853783994
1386.2407226605524
1436.6207081947136
967.5448016020836
1169.5823496432072
1378.6130180440587
1518.1821450561274
11.266629573446494
970.5659679268803
1090.9551501655865
1169.5823496432072
1202.4778450466738
1256.3233925912432
1306.4291643621373
1381.1577375743004
1476.386449086417
1520.627520201088
1547.438743132902
2.108068987836532
1269.6040250105561
1079.4958224079874
1603.0411672846953
1510.8376117091443
1588.5892375085768
74.50819282469547
791.187165136431
1038.9146900365517
1188.8270230680096
1360.7384479327825
1456.5592357406372
1141.811077138821
1332.423564834256
1396.3812658281663
1549.868496907755
1603.0411672846953
276.12301918056994
967.5448016020836
1150.1775895679448
1218.7566707860487
1503.4801748249856
1124.9857162357657
1290.7105936736893
24.94593934040097
1166.8201533965334
1378.6130180440587
1488.7250904330217
1510.8376117091443
1545.007763966713
1578.9350172781656
1332.423564834256
1549.868496907755
353.1807156258129
1446.604330690729
1360.7384479327825
1388.7790159945653
1481.3266929191564
849.4722249872574
878.0304913475644
1085.2328537758517
1186.0874046738068
1530.395377967457
1050.5857519764045
1202.4778450466738
1370.965784836861
284.3510491868584
1096.6628226892008
1355.6112326382322
1540.142073904322
74.50819282469547
1152.9596799306369
1335.0094665630759
1358.1759807632175
1532.8340011506866
226.16618012382094
1102.3559824587023
1213.3426119788528
1446.604330690729
