1152.9596799306369
1471.4396925642045
1520.627520201088
1298.5815808289203
1426.6074793565213
1416.5637552800795
1520.627520201088
937.0976849172092
1520.627520201088
937.0976849172092
1486.260535174431
1535.2713156085733
1113.6992081834055
1269.6040250105561
1345.3291528040622
1401.4390461335452
1518.1821450561274
1545.007763966713
304.8000262712409
669.6594346232947
1119.349496362624
1144.603302061038
1253.658853783994
1510.8376117091443
288.45465658931437
988.604718263609
1191.563471610721
1218.7566707860487
1429.1136107721522
1314.2537192763702
1600.6348582019587
1038.9146900365517
1127.7985852800612
1216.051156863191
1285.4500817046242
1314.2537192763702
1345.3291528040622
1429.1136107721522
1451.5853173404416
1508.3865849927793
1591.0002846478837
-44.15714953222971
65.5659446670287
200.8043368999646
591.9139352554802
721.1277433002136
912.4254282310341
1093.8108074661582
1127.7985852800612
1250.9914784612797
1403.9648620781318
1466.48631224051
584.7086412089792
1314.2537192763702
1347.9031636407408
1523.0715171757001
276.12301918056994
846.2754340341436
1073.7439449499834
1324.6512850192025
1378.6130180440587
1456.5592357406372
1483.7944072994765
1598.2276292859106
1419.0775938392794
1488.7250904330217
573.856787201434
930.956167693215
1033.0557788113288
1070.8624042146766
1172.3412788153819
1272.2518363940399
1376.0661286704058
1493.6495386571164
833.4403215754754
1298.5815808289203
1456.5592357406372
1571.683429956482
1102.3559824587023
1188.8270230680096
1213.3426119788528
1282.8158278934152
1411.530179747493
1454.073153127229
1473.9138918559956
1532.8340011506866
-48.827307168030984
365.12425315698704
641.7050789747242
727.898912420464
1067.9771102898321
1147.392134907745
1383.700301150131
1441.6161646794894
1473.9138918559956
1525.514149868965
1554.7243838394556
1600.6348582019587
758.10936914805
1047.673796832763
1158.5138233195057
1293.3368796095474
620.5033165334445
659.2183113977025
754.7734608351551
1088.0958368984848
1158.5138233195057
1337.592962335465
1411.530179747493
1513.287204699157
234.56295398130158
308.86917315475375
927.8788070668335
1213.3426119788528
1242.972194510337
1274.8969084850664
1316.8568515922348
1365.856594961656
1416.5637552800795
1491.1880869642496
1535.2713156085733
1603.0411672846953
1441.6161646794894
1547.438743132902
-20.925715261327582
443.23506081922017
927.8788070668335
982.6085179603209
1033.0557788113288
1065.0880492864485
1316.8568515922348
1376.0661286704058
1451.5853173404416
1476.386449086417
1530.395377967457
1552.2970391802723
924.7970265788605
964.5193959727102
1207.9163737697309
1355.6112326382322
1478.8573781444707
1515.7353778518177
-39.49496734230365
443.23506081922017
710.9311392148692
967.5448016020836
1082.3661869086864
1139.015446252094
1221.4591676364275
1298.5815808289203
1496.1094594006217
1540.142073904322
1603.0411672846953
1076.621746384753
1250.9914784612797
1345.3291528040622
1368.4123025989666
1421.5894847790855
1468.9638373220432
1491.1880869642496
1513.287204699157
680.0509040147775
1202.4778450466738
1327.24448795132
1365.856594961656
1476.386449086417
1600.6348582019587
288.45465658931437
1141.811077138821
1248.3212527340993
196.55220362064574
1210.631022244033
1411.530179747493
1505.9341106610595
852.6642488537526
964.5193959727102
1116.526117755775
1164.0546761863593
1288.081665668382
1370.965784836861
1436.6207081947136
1505.9341106610595
1545.007763966713
321.0355667405855
1261.6440162153517
1386.2407226605524
1426.6074793565213
573.856787201434
1520.627520201088
1501.0247635955552
1603.0411672846953
751.4323826546091
985.6086960972501
1102.3559824587023
1245.6481627134522
1314.2537192763702
1406.4886470693177
1426.6074793565213
1464.0071034306034
1510.8376117091443
893.7330737313692
937.0976849172092
1124.9857162357657
1319.4574807286604
1508.3865849927793
1581.3501048647486
903.099640362402
934.0291223470068
1127.7985852800612
1441.6161646794894
1523.0715171757001
1088.0958368984848
1272.2518363940399
1401.4390461335452
1473.9138918559956
1491.1880869642496
1537.7073352301181
967.5448016020836
1547.438743132902
862.2118568235352
1253.658853783994
1381.1577375743004
1488.7250904330217
676.5925748286269
896.8598167303152
937.0976849172092
1085.2328537758517
1508.3865849927793
1535.2713156085733
288.45465658931437
982.6085179603209
1186.0874046738068
1218.7566707860487
1266.9534604456144
1449.0957144912754
1478.8573781444707
1520.627520201088
1552.2970391802723
127.52596681592286
412.3031141427066
784.6121870959015
862.2118568235352
970.5659679268803
1012.4249473340882
1047.673796832763
1073.7439449499834
1164.0546761863593
1218.7566707860487
1303.8158804385089
1466.48631224051
1532.8340011506866
1598.2276292859106
1256.3233925912432
1282.8158278934152
1600.6348582019587
1096.6628226892008
1498.5678630837679
20.39395504760944
1277.5392551726368
1386.2407226605524
1545.007763966713
481.32678853764776
581.0972254871712
624.0511414345539
768.0862137708385
833.4403215754754
970.5659679268803
1532.8340011506866
1180.5986027749223
1451.5853173404416
1513.287204699157
1164.0546761863593
1513.287204699157
1515.7353778518177
1595.8194666475492
1202.4778450466738
1574.1016937130335
1130.6079789148403
1468.9638373220432
1194.2967641909418
1290.7105936736893
1076.621746384753
1471.4396925642045
620.5033165334445
758.10936914805
967.5448016020836
1079.4958224079874
1583.7641615060106
807.5370542440932
1319.4574807286604
192.29284490151156
627.59326868597
758.10936914805
1082.3661869086864
1409.0104149961044
1508.3865849927793
65.5659446670287
209.2869826951612
602.6782411674604
717.7342025480958
912.4254282310341
1093.8108074661582
1269.6040250105561
1403.9648620781318
1468.9638373220432
-34.84074670925145
15.834189754958288
217.7408933991104
316.98692950042494
507.6189319611609
686.9511499990534
946.2771590162941
982.6085179603209
1266.9534604456144
1303.8158804385089
1378.6130180440587
1530.395377967457
1576.5188848572611
1314.2537192763702
1486.260535174431
1416.5637552800795
1545.007763966713
915.5250270553832
1261.6440162153517
1396.3812658281663
1515.7353778518177
1603.0411672846953
1216.051156863191
1258.9851087720285
1515.7353778518177
462.3597842502094
937.0976849172092
1218.7566707860487
1303.8158804385089
1434.1202113022473
1218.7566707860487
1515.7353778518177
1033.0557788113288
1152.9596799306369
1216.051156863191
1264.3001288102132
1411.530179747493
1488.7250904330217
1540.142073904322
852.6642488537526
964.5193959727102
1226.8551656757518
1342.7527915669575
170.8871835935745
930.956167693215
1240.2933342357524
1532.8340011506866
852.6642488537526
881.1802364395388
964.5193959727102
1221.4591676364275
412.3031141427066
710.9311392148692
865.3849512335659
964.5193959727102
1073.7439449499834
1136.2163955118558
1218.7566707860487
1473.9138918559956
1510.8376117091443
1537.7073352301181
1578.9350172781656
365.12425315698704
1240.2933342357524
6.691260614072917
365.12425315698704
1240.2933342357524
1293.3368796095474
1595.8194666475492
