-4.882730716803098403e+01
-4.415714953222970962e+01
-3.949496734230365291e+01
-3.484074670925144801e+01
-3.019447374407207008e+01
-2.555613455776460796e+01
-2.092571526132758208e+01
-1.630320196576008129e+01
-1.168858078206108075e+01
-7.081837821229441943e+00
-2.482959194263912650e+00
2.108068987836531960e+00
6.691260614072916724e+00
1.126662957344649385e+01
1.583418975495828818e+01
2.039395504760943822e+01
2.494593934040096883e+01
2.949015652233413221e+01
3.402662048241006687e+01
3.855534510962957029e+01
4.307634429299412204e+01
4.758963192150463328e+01
5.209522188416224253e+01
5.659312806996797462e+01
6.108336436792308177e+01
6.556594466702870250e+01
7.004088285628574795e+01
7.450819282469547034e+01
7.896788846125900818e+01
8.341998365497738632e+01
8.786449229485174328e+01
9.230142826988321758e+01
9.673080546907283406e+01
1.011526377814217312e+02
1.055669390959311613e+02
1.099737233016020355e+02
1.143730042874353785e+02
1.187647959424326700e+02
1.231491121555947075e+02
1.275259668159228568e+02
1.318953738124178017e+02
1.362573470340811355e+02
1.406119003699136556e+02
1.449590477089165006e+02
1.492988029400910364e+02
1.536311799524380604e+02
1.579561926349588248e+02
1.622738548766543545e+02
1.665841805665259017e+02
1.708871835935744912e+02
1.751828778468011478e+02
1.794712772152071238e+02
1.837523955877934441e+02
1.880262468535612470e+02
1.922928449015115575e+02
1.965522036206457415e+02
2.008043368999645963e+02
2.050492586284693743e+02
2.092869826951612140e+02
2.135175229890411401e+02
2.177408933991104050e+02
2.219571078143698060e+02
2.261661801238209364e+02
2.303681242164644800e+02
2.345629539813015754e+02
2.387506833073335883e+02
2.429313260835615438e+02
2.471048961989864665e+02
2.512714075426093814e+02
2.554308740034316543e+02
2.595833094704543100e+02
2.637287278326781461e+02
2.678671429791047558e+02
2.719985687987349365e+02
2.761230191805699405e+02
2.802405080136105653e+02
2.843510491868584040e+02
2.884546565893143679e+02
2.925513441099793681e+02
2.966411256378547705e+02
3.007240150619414862e+02
3.048000262712408812e+02
3.088691731547537529e+02
3.129314696014814672e+02
3.169869295004249352e+02
3.210355667405855229e+02
3.250773952109640277e+02
3.291124288005615881e+02
3.331406813983797974e+02
3.371621668934191121e+02
3.411768991746808979e+02
3.451848921311665208e+02
3.491861596518766646e+02
3.531807156258129226e+02
3.571685739419757510e+02
3.611497484893667433e+02
3.651242531569870380e+02
3.690921018338373187e+02
3.730533084089190652e+02
3.770078867712335295e+02
3.809558508097812819e+02
3.848972144135638018e+02
3.888319914715823415e+02
3.927601958728375848e+02
3.966818415063307839e+02
4.005969422610634183e+02
4.045055120260359445e+02
4.084075646902501830e+02
4.123031141427065904e+02
4.161921742724065325e+02
4.200747589683514889e+02
4.239508821195419159e+02
4.278205576149792932e+02
4.316837993436648730e+02
4.355406211945992254e+02
4.393910370567839436e+02
4.432350608192201662e+02
4.470727063709085769e+02
4.509039876008505416e+02
4.547289183980473126e+02
4.585475126514996873e+02
4.623597842502093727e+02
4.661657470831765977e+02
4.699654150394029557e+02
4.737588020078895852e+02
4.775459218776373973e+02
4.813267885376477579e+02
4.851014158769215783e+02
4.888698177844602242e+02
4.926320081492643794e+02
4.963880008603354099e+02
5.001378098066744542e+02
5.038814488772824234e+02
5.076189319611609108e+02
5.113502729473103727e+02
5.150754857247324026e+02
5.187945841824279114e+02
5.225075822093978104e+02
5.262144936946436928e+02
5.299153325271662425e+02
5.336101125959668252e+02
5.372988477900465796e+02
5.409815519984061893e+02
5.446582391100472478e+02
5.483289230139706660e+02
5.519936175991775826e+02
5.556523367546689087e+02
5.593050943694462376e+02
5.629519043325102530e+02
5.665927805328618660e+02
5.702277368595031248e+02
5.738567872014340310e+02
5.774799454476564051e+02
5.810972254871711584e+02
5.847086412089792020e+02
5.883142065020819018e+02
5.919139352554801690e+02
5.955078413581753694e+02
5.990959386991684141e+02
6.026782411674604418e+02
6.062547626520525910e+02
6.098255170419460001e+02
6.133905182261415803e+02
6.169497800936406975e+02
6.205033165334444902e+02
6.240511414345538697e+02
6.275932686859699743e+02
6.311297121766939426e+02
6.346604857957269132e+02
6.381856034320700246e+02
6.417050789747241879e+02
6.452189263126907690e+02
6.487271593349709065e+02
6.522297919305652840e+02
6.557268379884752676e+02
6.592183113977024504e+02
6.627042260472470616e+02
6.661845958261106944e+02
6.696594346232947146e+02
6.731287563277995787e+02
6.765925748286268799e+02
6.800509040147775295e+02
6.835037577752526659e+02
6.869511499990534276e+02
6.903930945751809531e+02
6.938296053926361537e+02
6.972606963404206226e+02
7.006863813075348162e+02
7.041066741829801003e+02
7.075215888557580683e+02
7.109311392148691766e+02
7.143353391493145637e+02
7.177342025480958227e+02
7.211277433002136377e+02
7.245159752946696017e+02
7.278989124204639438e+02
7.312765685665984847e+02
7.346489576220745903e+02
7.380160934758924896e+02
7.413779900170537758e+02
7.447346611345598149e+02
7.480861207174110632e+02
7.514323826546091141e+02
7.547734608351551060e+02
7.581093691480499501e+02
7.614401214822945576e+02
7.647657317268905217e+02
7.680862137708385262e+02
7.714015815031401644e+02
7.747118488127961200e+02
7.780170295888073042e+02
7.813171377201755377e+02
7.846121870959015041e+02
7.879021916049861147e+02
7.911871651364309628e+02
7.944671215792367320e+02
7.977420748224047884e+02
8.010120387549362704e+02
8.042770272658318618e+02
8.075370542440931558e+02
8.107921335787210637e+02
8.140422791587167239e+02
8.172875048730810477e+02
8.205278246108158555e+02
8.237632522609213765e+02
8.269938017123992040e+02
8.302194868542500217e+02
8.334403215754754228e+02
8.366563197650765460e+02
8.398674953120540749e+02
8.430738621054091482e+02
8.462754340341435864e+02
8.494722249872573911e+02
8.526642488537526106e+02
8.558515195226299284e+02
8.590340508828902557e+02
8.622118568235351859e+02
8.653849512335658574e+02
8.685533480019827266e+02
8.717170610177876142e+02
8.748761041699809766e+02
8.780304913475644071e+02
8.811802364395388167e+02
8.843253533349055715e+02
8.874658559226653551e+02
8.906017580918195335e+02
8.937330737313692453e+02
8.968598167303151740e+02
8.999820009776593679e+02
9.030996403624020559e+02
9.062127487735446039e+02
9.093213401000883778e+02
9.124254282310340614e+02
9.155250270553832479e+02
9.186201504621363938e+02
9.217108123402950923e+02
9.247970265788604820e+02
9.278788070668334740e+02
9.309561676932149794e+02
9.340291223470068189e+02
9.370976849172092216e+02
9.401618692928240080e+02
9.432216893628518619e+02
9.462771590162941493e+02
9.493282921421517813e+02
9.523751026294261237e+02
9.554176043671176330e+02
9.584558112442281299e+02
9.614897371497585254e+02
9.645193959727101856e+02
9.675448016020835666e+02
9.705659679268802620e+02
9.735829088361009553e+02
9.765956382187472400e+02
9.796041699638204818e+02
9.826085179603209099e+02
9.856086960972501174e+02
9.886047182636090156e+02
9.915965983483987429e+02
9.945843502406208927e+02
9.975679878292763760e+02
1.000547525003365877e+03
1.003522975651890533e+03
1.006494353663851939e+03
1.009461672928250550e+03
1.012424947334088188e+03
1.015384190770365990e+03
1.018339417126084186e+03
1.021290640290244596e+03
1.024237874151848246e+03
1.027181132599896046e+03
1.030120429523389248e+03
1.033055778811328764e+03
1.035987194352715960e+03
1.038914690036551747e+03
1.041838279751837490e+03
1.044757977387574101e+03
1.047673796832762946e+03
1.050585751976404481e+03
1.053493856707500072e+03
1.056398124915051540e+03
1.059298570488058886e+03
1.062195207315524385e+03
1.065088049286448495e+03
1.067977110289832126e+03
1.070862404214676644e+03
1.073743944949983415e+03
1.076621746384752896e+03
1.079495822407987362e+03
1.082366186908686359e+03
1.085232853775851709e+03
1.088095836898484777e+03
1.090955150165586474e+03
1.093810807466158167e+03
1.096662822689200766e+03
1.099511209723715183e+03
1.102355982458702329e+03
1.105197154783164024e+03
1.108034740586100725e+03
1.110868753756514707e+03
1.113699208183405517e+03
1.116526117755774976e+03
1.119349496362623995e+03
1.122169357892953940e+03
1.124985716235765722e+03
1.127798585280061161e+03
1.130607978914840260e+03
1.133413911029104838e+03
1.136216395511855808e+03
1.139015446252094080e+03
1.141811077138821020e+03
1.144603302061037994e+03
1.147392134907745003e+03
1.150177589567944779e+03
1.152959679930636867e+03
1.155738419884823543e+03
1.158513823319505718e+03
1.161285904123683849e+03
1.164054676186359302e+03
1.166820153396533442e+03
1.169582349643207181e+03
1.172341278815381884e+03
1.175096954802058917e+03
1.177849391492238738e+03
1.180598602774922256e+03
1.183344602539111293e+03
1.186087404673806759e+03
1.188827023068009566e+03
1.191563471610721081e+03
1.194296764190941758e+03
1.197026914697673419e+03
1.199753937019917430e+03
1.202477845046673792e+03
1.205198652666944781e+03
1.207916373769730853e+03
1.210631022244032920e+03
1.213342611978852801e+03
1.216051156863190954e+03
1.218756670786048744e+03
1.221459167636427537e+03
1.224158661303328245e+03
1.226855165675751778e+03
1.229548694642699047e+03
1.232239262093171874e+03
1.234926881916171169e+03
1.237611568000697389e+03
1.240293334235752354e+03
1.242972194510336976e+03
1.245648162713452166e+03
1.248321252734099289e+03
1.250991478461279712e+03
1.253658853783993891e+03
1.256323392591243191e+03
1.258985108772028525e+03
1.261644016215351712e+03
1.264300128810213209e+03
1.266953460445614382e+03
1.269604025010556143e+03
1.272251836394039856e+03
1.274896908485066433e+03
1.277539255172636786e+03
1.280178890345752734e+03
1.282815827893415189e+03
1.285450081704624154e+03
1.288081665668381902e+03
1.290710593673689345e+03
1.293336879609547395e+03
1.295960537364957872e+03
1.298581580828920323e+03
1.301200023890437024e+03
1.303815880438508884e+03
1.306429164362137271e+03
1.309039889550323096e+03
1.311648069892066815e+03
1.314253719276370248e+03
1.316856851592234761e+03
1.319457480728660357e+03
1.322055620574649311e+03
1.324651285019202533e+03
1.327244487951320025e+03
1.329835243260004518e+03
1.332423564834256013e+03
1.335009466563075875e+03
1.337592962335465018e+03
1.340174066040425714e+03
1.342752791566957512e+03
1.345329152804062232e+03
1.347903163640740786e+03
1.350474837965994539e+03
1.353044189668824856e+03
1.355611232638232195e+03
1.358175980763217467e+03
1.360738447932782492e+03
1.363298648035928181e+03
1.365856594961655901e+03
1.368412302598966562e+03
1.370965784836861076e+03
1.373517055564340353e+03
1.376066128670405760e+03
1.378613018044058663e+03
1.381157737574300427e+03
1.383700301150131054e+03
1.386240722660552365e+03
1.388779015994565270e+03
1.391315195041171137e+03
1.393849273689370875e+03
1.396381265828166306e+03
1.398911185346556977e+03
1.401439046133545162e+03
1.403964862078131773e+03
1.406488647069317722e+03
1.409010414996104373e+03
1.411530179747493094e+03
1.414047955212484339e+03
1.416563755280079477e+03
1.419077593839279416e+03
1.421589484779085524e+03
1.424099441988499166e+03
1.426607479356521253e+03
1.429113610772152242e+03
1.431617850124393954e+03
1.434120211302247299e+03
1.436620708194713643e+03
1.439119354690794353e+03
1.441616164679489430e+03
1.444111152049800239e+03
1.446604330690729057e+03
1.449095714491275430e+03
1.451585317340441634e+03
1.454073153127229034e+03
1.456559235740637178e+03
1.459043579069668340e+03
1.461526197003323432e+03
1.464007103430603365e+03
1.466486312240509960e+03
1.468963837322043219e+03
1.471439692564204506e+03
1.473913891855995644e+03
1.476386449086417088e+03
1.478857378144470658e+03
1.481326692919156358e+03
1.483794407299476461e+03
1.486260535174430970e+03
1.488725090433021705e+03
1.491188086964249578e+03
1.493649538657116409e+03
1.496109459400621745e+03
1.498567863083767861e+03
1.501024763595555214e+03
1.503480174824985625e+03
1.505934110661059549e+03
1.508386584992779262e+03
1.510837611709144312e+03
1.513287204699156973e+03
1.515735377851817702e+03
1.518182145056127410e+03
1.520627520201087918e+03
1.523071517175700137e+03
1.525514149868964978e+03
1.527955432169883807e+03
1.530395377967457080e+03
1.532834001150686618e+03
1.535271315608573332e+03
1.537707335230118133e+03
1.540142073904321933e+03
1.542575545520186552e+03
1.545007763966712901e+03
1.547438743132901891e+03
1.549868496907754889e+03
1.552297039180272350e+03
1.554724383839455641e+03
1.557150544774306582e+03
1.559575535873825629e+03
1.561999371027014149e+03
1.564422064122872598e+03
1.566843629050402797e+03
1.569264079698605656e+03
1.571683429956482087e+03
1.574101693713033455e+03
1.576518884857261128e+03
1.578935017278165560e+03
1.581350104864748573e+03
1.583764161506010623e+03
1.586177201090953076e+03
1.588589237508576844e+03
1.591000284647883745e+03
1.593410356397874239e+03
1.595819466647549234e+03
1.598227629285910552e+03
1.600634858201958650e+03
1.603041167284695348e+03
1.605446570423121102e+03
