238.7506833073336
655.7268379884753
865.3849512335659
909.3213401000884
1038.9146900365517
1139.015446252094
1191.563471610721
1274.8969084850664
1368.4123025989666
1471.4396925642045
1508.3865849927793
1532.8340011506866
1593.4103563978742
518.7945841824279
985.6086960972501
1256.3233925912432
1306.4291643621373
1510.8376117091443
43.07634429299412
183.75239558779344
727.898912420464
801.0120387549363
958.4558112442281
991.5965983483987
1053.4938567075
1141.811077138821
1250.9914784612797
1391.3151950411711
1426.6074793565213
1501.0247635955552
1532.8340011506866
1586.177201090953
226.16618012382094
724.5159752946696
787.9021916049861
1210.631022244033
1274.8969084850664
1446.604330690729
1501.0247635955552
1545.007763966713
1566.8436290504028
431.6837993436649
481.32678853764776
518.7945841824279
1021.2906402902446
1439.1193546907944
1557.1505447743066
1018.3394171260842
1110.8687537565147
1073.7439449499834
1464.0071034306034
1038.9146900365517
1478.8573781444707
136.25734703408114
377.00788677123353
1158.5138233195057
1595.8194666475492
961.4897371497585
1581.3501048647486
893.7330737313692
1150.1775895679448
1486.260535174431
1076.621746384753
1501.0247635955552
1581.3501048647486
1158.5138233195057
1483.7944072994765
221.9571078143698
738.0160934758925
1062.1952073155244
1147.392134907745
1256.3233925912432
1301.200023890437
1327.24448795132
1360.7384479327825
1464.0071034306034
1525.514149868965
1540.142073904322
1175.096954802059
1298.5815808289203
1424.0994419884992
1540.142073904322
1141.811077138821
1274.8969084850664
24.94593934040097
329.1124288005616
458.5475126514997
710.9311392148692
741.3779900170538
774.7118488127961
991.5965983483987
1090.9551501655865
1130.6079789148403
1164.0546761863593
1210.631022244033
1280.1788903457527
1345.3291528040622
1411.530179747493
1476.386449086417
1033.0557788113288
1210.631022244033
1280.1788903457527
1350.4748379659945
1414.0479552124843
1481.3266929191564
518.7945841824279
754.7734608351551
949.3282921421518
982.6085179603209
1197.0269146976734
1253.658853783994
1280.1788903457527
1303.8158804385089
1391.3151950411711
1441.6161646794894
1093.8108074661582
1136.2163955118558
1191.563471610721
1309.039889550323
1391.3151950411711
234.56295398130158
921.7108123402951
955.4176043671176
1155.7384198848235
1388.7790159945653
1481.3266929191564
1515.7353778518177
1542.5755455201866
1564.4220641228726
-48.827307168030984
2.108068987836532
316.98692950042494
488.8698177844602
714.3353391493146
781.3171377201755
1113.6992081834055
1245.6481627134522
1347.9031636407408
1411.530179747493
1574.1016937130335
1079.4958224079874
1491.1880869642496
1564.4220641228726
1583.7641615060106
662.7042260472471
734.6489576220746
1164.0546761863593
1194.2967641909418
1342.7527915669575
1431.617850124394
1518.1821450561274
1056.3981249150515
1518.1821450561274
1152.9596799306369
1581.3501048647486
1108.0347405861007
1306.4291643621373
1393.8492736893709
1240.2933342357524
1496.1094594006217
1301.200023890437
1523.0715171757001
1076.621746384753
1144.603302061038
1444.1111520498002
1503.4801748249856
1085.2328537758517
1505.9341106610595
1090.9551501655865
1139.015446252094
1337.592962335465
1403.9648620781318
1481.3266929191564
1527.9554321698838
1116.526117755775
1309.039889550323
1124.9857162357657
1213.3426119788528
843.0738621054091
1105.197154783164
1476.386449086417
662.7042260472471
893.7330737313692
930.956167693215
1202.4778450466738
1232.2392620931719
1583.7641615060106
1150.1775895679448
1449.0957144912754
1476.386449086417
1508.3865849927793
1353.0441896688249
1530.395377967457
1180.5986027749223
1355.6112326382322
1515.7353778518177
1535.2713156085733
1340.1740660404257
1486.260535174431
1141.811077138821
1488.7250904330217
1147.392134907745
1483.7944072994765
1090.9551501655865
1147.392134907745
1324.6512850192025
1403.9648620781318
1486.260535174431
1088.0958368984848
1409.0104149961044
1481.3266929191564
1513.287204699157
814.0422791587167
1102.3559824587023
1481.3266929191564
1164.0546761863593
1456.5592357406372
1481.3266929191564
727.898912420464
1311.6480698920668
1523.0715171757001
